79 56
73 81
49 53
78 53
88 30
69 99
54 52
18 3
12 45
83 72
34 37
57 82
1 23
80 61
60 26
3 52
65 43
82 43
74 81
3 55
100 80
59 30
76 94
80 60
97 50
41 89
23 20
74 54
36 98
17 87
48 70
76 70
4 72
97 78
56 54
51 28
38 74
70 30
67 94
44 16
73 94
18 32
81 64
77 86
71 10
21 66
100 13
82 1
93 47
5 4
80 77
37 13
5 63
32 85
57 57
67 95
3 84
85 40
32 49
100 61
100 2
82 35
47 91
78 93
7 79
71 33
76 29
92 18
96 57
5 32
74 21
90 14
79 53
77 31
40 85
33 47
24 62
15 100
100 50
1 21
64 31
43 45
95 59
73 78
4 53
72 78
47 7
54 30
91 69
17 21
82 90
69 74
20 10
24 66
79 27
70 35
90 51
94 76
79 71
10 47
92 73
37 14
45 69
38 90
86 12
17 89
34 18
35 46
23 86
65 91
63 2
56 67
35 78
22 22
26 6
83 42
77 27
11 17
7 45
54 82
24 50
72 31
94 83
70 66
79 9
9 33
84 32
67 24
14 56
14 65
98 60
6 78
49 23
73 57
23 49
14 73
92 31
63 36
73 80
78 3
6 80
7 2
8 100
10 37
51 51
39 33
39 40
62 20
21 50
76 38
41 51
75 61
32 65
97 44
28 94
55 56
24 94
94 49
82 10
77 3
2 50
51 58
11 66
74 16
37 79
68 66
16 28
21 8
96 78
23 99
17 47
65 3
55 71
3 66
47 59
82 96
36 44
33 44
56 100
86 4
50 5
1 40
95 31
39 47
14 78
99 45
44 55
93 80
73 26
84 52
35 26
29 2
55 57
86 69
29 52
93 68
12 12
51 91
77 27
56 52
26 65
4 27
47 10
19 79
8 60
98 44
40 69
86 100
100 27
70 95
45 28
27 27
22 7
74 82
6 88
33 18
38 57
68 7
62 60
52 99
90 67
100 81
77 50
91 11
20 12
41 48
4 52
19 78
83 98
33 57
84 47
70 18
24 17
54 72
100 59
35 31
97 17
55 90
10 59
3 65
80 98
59 17
14 69
90 54
13 15
19 76
22 35
36 25
32 14
98 19
91 10
58 52
28 36
60 74
63 31
80 1
89 64
79 67
61 80
33 40
74 95
31 24
91 6
57 32
51 1
65 12
67 40
77 50
78 73
55 5
82 82
32 95
55 75
82 49
99 86
32 5
86 18
91 1
40 91
24 39
36 86
4 78
36 98
90 88
99 19
16 22
32 24
37 78
39 94
10 51
54 72
13 32
76 62
55 10
59 22
1 59
94 16
22 60
49 67
50 10
48 41
89 31
20 6
41 41
34 38
94 99
87 93
37 69
100 91
79 75
46 20
86 64
37 77
67 17
20 76
46 13
15 54
86 18
70 47
71 10
48 13
57 68
5 41
36 78
74 99
35 35
89 4
77 34
19 99
59 93
37 47
81 11
54 24
79 59
77 83
90 34
53 73
15 76
5 39
81 77
46 8
87 71
84 90
94 77
57 72
66 95
100 100
8 3
96 95
14 38
96 88
77 84
54 87
27 86
70 13
57 60
47 27
95 43
84 68
23 95
81 97
3 11
91 58
64 34
75 32
46 65
79 47
27 19
55 96
33 17
16 47
46 90
46 92
51 60
43 32
48 25
72 8
41 10
13 19
57 47
56 26
38 38
22 1
13 14
6 39
70 94
28 94
73 72
94 7
100 71
28 11
45 32
2 32
94 99
88 97
100 38
44 87
35 89
77 36
75 29
54 42
37 43
18 69
61 17
27 84
52 88
61 18
79 39
7 18
82 72
78 50
54 55
54 77
4 15
23 86
99 79
16 37
63 82
86 98
79 73
17 70
99 98
30 44
44 39
44 45
45 73
18 52
23 48
51 24
48 83
15 32
63 59
4 90
53 64
44 17
28 70
37 20
22 77
57 66
29 57
43 60
37 93
6 27
93 3
96 95
92 97
52 92
67 65
2 92
16 78
43 11
40 26
62 70
30 100
67 92
55 61
43 8
71 57
15 82
57 90
83 97
30 35
97 89
44 98
56 90
83 82
98 41
47 66
12 78
9 19
82 69
95 43
92 30
26 45
73 100
20 11
29 54
1 54
18 25
65 22
23 65
68 70
87 45
12 15
60 1
56 87
25 7
11 66
62 31
87 20
16 28
59 57
59 98
73 49
96 16
32 68
2 24
66 18
64 8
84 47
19 91
33 28
7 52
3 21
8 29
13 62
34 46
88 66
58 55
33 59
2 35
21 21
59 5
23 87
72 41
87 94
94 31
11 73
45 23
87 1
35 31
81 74
3 98
99 38
73 38
38 60
55 39
28 50
34 78
100 57
88 61
6 39
28 15
4 29
89 27
53 48
75 40
64 87
6 29
33 57
63 49
11 6
19 63
47 24
43 89
4 58
81 6
20 78
55 1
54 77
42 83
12 34
78 21
54 5
70 92
60 96
58 72
7 54
47 98
1 30
94 36
87 31
74 100
31 45
38 62
93 90
32 66
71 45
64 18
93 33
33 76
15 4
17 65
27 86
42 44
53 48
45 32
7 57
48 68
87 99
97 51
46 5
74 43
5 69
62 56
67 98
11 97
68 64
53 62
8 48
79 82
65 84
80 90
96 87
48 60
1 44
2 45
39 40
32 85
69 31
85 30
11 56
89 42
72 45
50 40
86 75
62 14
15 30
16 49
68 3
16 46
68 97
61 81
43 37
31 30
5 70
72 89
95 37
47 68
61 79
48 42
52 57
44 44
92 30
40 60
6 72
59 75
10 16
23 78
59 59
25 80
44 96
11 72
94 20
54 7
83 48
45 30
24 39
29 27
72 74
85 34
54 86
65 17
16 41
47 94
89 49
75 87
81 97
15 96
15 73
76 2
76 88
52 92
14 13
74 43
66 10
3 57
5 13
30 17
63 14
87 41
98 98
22 47
93 38
13 39
29 57
87 71
20 36
70 18
70 87
4 35
10 67
77 2
70 71
17 57
10 78
78 25
53 48
18 45
72 13
64 75
100 86
80 4
46 23
50 100
29 5
21 56
96 48
21 86
68 72
34 56
64 35
73 24
33 14
42 44
74 53
89 28
84 92
17 25
93 82
47 52
27 12
9 88
47 26
69 76
46 46
66 98
72 34
8 84
65 99
28 32
68 14
11 87
22 84
29 22
96 16
54 74
97 47
22 37
29 39
32 40
27 46
19 88
57 83
32 90
42 72
48 92
93 48
31 17
93 73
8 36
43 72
14 90
80 57
15 92
12 63
47 16
97 16
41 96
7 55
42 29
89 18
6 57
36 56
29 68
61 32
40 18
13 49
24 96
77 54
98 57
27 76
73 53
42 51
92 17
84 10
77 87
19 94
52 76
28 88
64 66
49 76
96 59
38 33
71 53
86 48
37 85
81 81
49 63
84 83
34 52
9 25
21 48
65 6
61 26
96 42
98 24
58 94
90 37
85 23
50 14
2 10
17 9
64 89
17 55
91 97
91 97
78 12
95 77
51 81
91 70
49 88
28 63
9 49
76 46
76 63
60 73
2 54
32 67
85 35
87 92
85 18
24 3
67 13
86 88
40 33
88 7
4 40
62 98
83 88
82 93
35 70
39 39
91 35
100 3
63 68
82 15
47 97
75 99
19 29
28 64
23 90
20 25
66 97
44 12
11 90
96 91
44 13
15 40
39 65
8 68
95 14
31 94
49 59
3 29
45 2
41 70
62 51
95 81
62 98
13 94
49 96
88 93
19 22
28 62
82 2
6 51
74 91
97 72
98 63
71 2
50 6
6 82
84 40
21 18
76 18
36 39
60 76
51 95
8 68
55 85
93 9
72 51
60 99
49 74
5 33
41 11
82 48
51 85
67 87
42 54
35 54
2 59
79 95
47 4
44 83
83 10
13 93
64 25
50 78
70 70
37 56
100 7
3 77
83 70
13 51
54 38
45 10
27 7
91 52
88 19
66 16
60 84
78 42
72 22
8 8
90 76
2 70
91 82
91 50
96 61
70 71
48 87
16 55
75 57
60 18
67 84
71 63
42 21
7 14
52 63
41 19
44 10
99 41
69 35
27 79
94 1
75 10
15 19
85 27
15 63
84 59
78 38
66 27
84 63
45 87
99 40
14 92
86 88
71 1
84 63
87 35
3 98
6 3
12 15
32 35
58 63
20 14
56 41
82 15
49 4
21 94
98 50
66 75
50 30
83 73
73 38
81 92
81 15
36 66
87 46
25 10
4 88
96 8
75 72
44 99
87 13
66 12
18 18
47 13
66 19
28 13
17 23
36 27
52 13
92 13
82 34
94 57
60 11
17 74
9 88
45 50
84 53
69 100
70 25
92 72
61 34
40 50
50 89
60 18
78 36
43 89
39 6
14 92
32 16
62 69
64 55
69 85
26 72
47 26
46 33
37 19
73 46
77 99
58 58
5 39
61 93
93 55
95 33
8 31
